5.461235000264469397e-01 5.152625809337127993e-01 5.101656319215688296e-01 4.810190952566861800e-01
7.694993277219589313e-04 1.076089279264395709e-01 8.465663384424215732e-02 4.844252190132420366e-01
3.422410629734996546e-01 8.221785518072814714e-02 7.200898143120856854e-02 1.323526055328066442e-01
7.124840040647163752e-02 0.000000000000000000e+00 0.000000000000000000e+00 0.000000000000000000e+00
5.632575349632046313e-01 4.672214971006010131e-01 3.452004272097548010e-01 3.674499154988821736e-01
0.000000000000000000e+00 0.000000000000000000e+00 0.000000000000000000e+00 0.000000000000000000e+00
1.644749204457082725e-01 6.707488324685807746e-02 3.598368583258518827e-01 2.660915633862285731e-02
0.000000000000000000e+00 0.000000000000000000e+00 0.000000000000000000e+00 0.000000000000000000e+00
4.176917002107694565e-01 4.490264621902166353e-01 4.142015379278646825e-01 5.931276484228515944e-01
5.469927794375062380e-01 6.423896073263065665e-01 3.570900407731400494e-01 3.657237141982393469e-01
6.534820886382032290e-01 4.295398832494084496e-01 3.169866909772005026e-01 2.543707521295691665e-01
0.000000000000000000e+00 0.000000000000000000e+00 0.000000000000000000e+00 0.000000000000000000e+00
0.000000000000000000e+00 0.000000000000000000e+00 0.000000000000000000e+00 0.000000000000000000e+00
3.871094445345145685e-01 4.604512721218047000e-01 7.564904985041926988e-01 4.095738220466558221e-01
7.143853776843430703e-01 8.934451021646424573e-01 7.758743998468318193e-01 7.057132457241968027e-01
0.000000000000000000e+00 0.000000000000000000e+00 0.000000000000000000e+00 0.000000000000000000e+00
